"Дата","Цена","Откр.","Макс.","Мин.","Объём","Изм. %"
"29.12.2023","1.407,00","1.408,40","1.409,80","1.392,00","558,55K","-0,07%"
"28.12.2023","1.408,00","1.384,00","1.414,00","1.375,20","891,81K","1,88%"
"27.12.2023","1.382,00","1.375,60","1.389,40","1.375,00","646,62K","0,49%"
"26.12.2023","1.375,20","1.343,80","1.377,20","1.338,00","767,95K","2,54%"
"25.12.2023","1.341,20","1.333,80","1.345,80","1.333,00","514,97K","0,55%"
"22.12.2023","1.333,80","1.336,60","1.354,80","1.327,00","798,50K","-0,21%"
"21.12.2023","1.336,60","1.328,00","1.349,80","1.319,60","959,51K","0,50%"
"20.12.2023","1.330,00","1.310,20","1.336,60","1.310,00","964,08K","1,74%"
"19.12.2023","1.307,20","1.283,00","1.313,00","1.273,60","1,10M","1,87%"
"18.12.2023","1.283,20","1.275,40","1.309,00","1.273,60","967,37K","0,75%"
"15.12.2023","1.273,60","1.216,40","1.273,60","1.216,40","731,35K","4,69%"
"14.12.2023","1.216,60","1.248,00","1.250,80","1.216,60","551,63K","-2,31%"
"13.12.2023","1.245,40","1.240,60","1.252,80","1.234,00","555,78K","0,39%"
"12.12.2023","1.240,60","1.251,00","1.261,20","1.235,20","790,92K","-0,83%"
"11.12.2023","1.251,00","1.269,00","1.289,40","1.246,20","811,05K","-1,53%"
"08.12.2023","1.270,40","1.247,60","1.274,80","1.244,20","715,62K","2,04%"
"07.12.2023","1.245,00","1.252,00","1.265,00","1.228,20","916,19K","-0,56%"
"06.12.2023","1.252,00","1.299,00","1.303,60","1.250,00","879,84K","-3,34%"
"05.12.2023","1.295,20","1.275,00","1.297,00","1.263,60","771,37K","1,66%"
"04.12.2023","1.274,00","1.257,00","1.281,60","1.241,80","806,55K","1,35%"
"01.12.2023","1.257,00","1.265,00","1.278,60","1.254,00","757,90K","-0,88%"
"30.11.2023","1.268,20","1.297,20","1.299,60","1.266,00","789,78K","-2,24%"
"29.11.2023","1.297,20","1.302,40","1.309,40","1.285,20","484,74K","-0,54%"
"28.11.2023","1.304,20","1.293,00","1.315,60","1.286,00","741,76K","0,77%"
"27.11.2023","1.294,20","1.317,20","1.317,20","1.284,20","1,03M","-1,75%"
"24.11.2023","1.317,20","1.330,40","1.334,20","1.308,60","738,88K","-0,99%"
"23.11.2023","1.330,40","1.352,80","1.354,80","1.323,20","604,92K","-1,44%"
"22.11.2023","1.349,80","1.326,00","1.351,80","1.325,40","682,99K","1,72%"
"21.11.2023","1.327,00","1.330,40","1.333,20","1.315,00","954,10K","-0,41%"
"20.11.2023","1.332,40","1.351,20","1.356,00","1.330,20","642,59K","-1,38%"
"17.11.2023","1.351,00","1.348,40","1.358,80","1.313,60","678,00K","0,01%"
"16.11.2023","1.350,80","1.359,60","1.375,80","1.344,60","561,00K","-0,68%"
"15.11.2023","1.360,00","1.355,00","1.363,80","1.345,00","516,56K","0,24%"
"14.11.2023","1.356,80","1.380,00","1.380,00","1.350,40","611,52K","-1,60%"
"13.11.2023","1.378,80","1.364,00","1.388,40","1.352,60","489,18K","0,88%"
"10.11.2023","1.366,80","1.360,00","1.372,80","1.349,00","750,49K","0,56%"
"09.11.2023","1.359,20","1.377,80","1.377,80","1.354,00","817,88K","-1,16%"
"08.11.2023","1.375,20","1.391,20","1.397,40","1.370,00","662,26K","-1,18%"
"07.11.2023","1.391,60","1.386,00","1.400,00","1.369,00","732,61K","0,39%"
"06.11.2023","1.386,20","1.374,00","1.399,00","1.373,00","542,61K","1,03%"
"03.11.2023","1.372,00","1.359,60","1.379,40","1.341,00","507,18K","0,90%"
"02.11.2023","1.359,80","1.347,20","1.369,60","1.347,20","444,48K","0,65%"
"01.11.2023","1.351,00","1.357,60","1.364,00","1.343,00","288,55K","-0,28%"
"31.10.2023","1.354,80","1.368,00","1.374,00","1.347,60","470,12K","-1,25%"
"30.10.2023","1.372,00","1.363,00","1.384,40","1.354,20","482,10K","0,68%"
"27.10.2023","1.362,80","1.367,00","1.378,40","1.340,40","575,20K","-0,50%"
"26.10.2023","1.369,60","1.383,00","1.393,20","1.368,00","473,51K","-1,28%"
"25.10.2023","1.387,40","1.395,60","1.397,40","1.380,00","440,33K","-0,56%"
"24.10.2023","1.395,20","1.400,40","1.406,00","1.389,80","396,16K","-0,33%"
"23.10.2023","1.399,80","1.410,00","1.411,60","1.391,20","671,55K","-0,71%"
"20.10.2023","1.409,80","1.396,00","1.419,00","1.368,00","1,03M","0,99%"
"19.10.2023","1.396,00","1.408,00","1.408,00","1.387,60","582,27K","-0,89%"
"18.10.2023","1.408,60","1.425,00","1.432,80","1.393,40","835,71K","-0,96%"
"17.10.2023","1.422,20","1.405,00","1.437,80","1.398,00","990,02K","1,31%"
"16.10.2023","1.403,80","1.380,00","1.405,00","1.378,80","801,32K","1,86%"
"13.10.2023","1.378,20","1.370,00","1.380,80","1.367,20","547,00K","0,69%"
"12.10.2023","1.368,80","1.358,00","1.373,40","1.352,00","934,80K","0,80%"
"11.10.2023","1.358,00","1.375,00","1.415,60","1.355,00","1,76M","-1,19%"
"10.10.2023","1.374,40","1.366,00","1.375,00","1.361,80","374,16K","0,44%"
"09.10.2023","1.368,40","1.367,00","1.380,00","1.361,00","537,11K","0,10%"
"06.10.2023","1.367,00","1.369,40","1.376,20","1.353,40","678,99K","-0,38%"
"05.10.2023","1.372,20","1.370,00","1.384,00","1.360,00","529,63K","0,12%"
"04.10.2023","1.370,60","1.355,60","1.388,40","1.345,00","1,10M","0,90%"
"03.10.2023","1.358,40","1.392,00","1.393,80","1.351,00","1,14M","-2,27%"
"02.10.2023","1.390,00","1.371,00","1.393,80","1.362,00","1,07M","1,58%"
"29.09.2023","1.368,40","1.378,40","1.381,40","1.360,00","527,81K","-0,49%"
"28.09.2023","1.375,20","1.380,00","1.387,80","1.354,00","919,55K","-0,23%"
"27.09.2023","1.378,40","1.374,80","1.386,20","1.364,00","944,00K","0,55%"
"26.09.2023","1.370,80","1.329,00","1.383,60","1.317,00","1,60M","2,93%"
"25.09.2023","1.331,80","1.341,40","1.350,00","1.325,40","974,11K","-0,76%"
"22.09.2023","1.342,00","1.268,20","1.344,00","1.259,00","2,43M","5,77%"
"21.09.2023","1.268,80","1.278,40","1.293,40","1.258,00","1,44M","-1,28%"
"20.09.2023","1.285,20","1.285,60","1.314,60","1.265,00","1,16M","-0,12%"
"19.09.2023","1.286,80","1.292,00","1.299,60","1.263,60","1,23M","-0,46%"
"18.09.2023","1.292,80","1.313,00","1.325,80","1.286,60","821,36K","-1,42%"
"15.09.2023","1.311,40","1.295,00","1.314,40","1.281,00","717,25K","1,38%"
"14.09.2023","1.293,60","1.300,00","1.305,00","1.262,20","1,32M","-0,17%"
"13.09.2023","1.295,80","1.323,00","1.338,00","1.290,20","1,02M","-2,32%"
"12.09.2023","1.326,60","1.299,60","1.328,00","1.285,60","992,12K","2,92%"
"11.09.2023","1.289,00","1.316,60","1.322,40","1.271,00","2,19M","-2,10%"
"08.09.2023","1.316,60","1.339,20","1.349,00","1.312,00","1,08M","-1,89%"
"07.09.2023","1.342,00","1.374,00","1.385,80","1.332,60","1,58M","-2,04%"
"06.09.2023","1.370,00","1.407,40","1.407,40","1.357,40","1,98M","-2,91%"
"05.09.2023","1.411,00","1.429,20","1.433,40","1.400,40","881,82K","-1,48%"
"04.09.2023","1.432,20","1.438,00","1.445,00","1.422,80","751,17K","0,04%"
"01.09.2023","1.431,60","1.427,40","1.439,60","1.412,00","825,81K","0,29%"
"31.08.2023","1.427,40","1.387,00","1.429,20","1.383,20","1,68M","3,06%"
"30.08.2023","1.385,00","1.359,80","1.399,00","1.352,40","1,37M","1,94%"
"29.08.2023","1.358,60","1.390,00","1.404,80","1.347,80","2,37M","-1,93%"
"28.08.2023","1.385,40","1.361,80","1.395,00","1.350,40","1,35M","1,87%"
"25.08.2023","1.360,00","1.346,80","1.360,00","1.330,20","991,29K","0,98%"
"24.08.2023","1.346,80","1.309,00","1.348,80","1.306,00","1,21M","3,39%"
"23.08.2023","1.302,60","1.333,20","1.353,00","1.290,60","2,46M","-2,03%"
"22.08.2023","1.329,60","1.303,60","1.333,00","1.287,40","1,60M","2,29%"
"21.08.2023","1.299,80","1.313,00","1.320,00","1.294,80","1,16M","-0,18%"
"18.08.2023","1.302,20","1.286,60","1.304,00","1.270,60","697,20K","0,87%"
"17.08.2023","1.291,00","1.291,00","1.298,40","1.266,00","905,20K","1,02%"
"16.08.2023","1.278,00","1.305,60","1.314,60","1.251,60","1,44M","-2,11%"
"15.08.2023","1.305,60","1.302,00","1.334,00","1.297,00","1,03M","-0,17%"
"14.08.2023","1.307,80","1.353,00","1.358,80","1.303,80","1,46M","-2,79%"
"11.08.2023","1.345,40","1.359,00","1.369,80","1.340,00","972,09K","-0,81%"
"10.08.2023","1.356,40","1.343,40","1.359,00","1.330,20","1,07M","1,27%"
"09.08.2023","1.339,40","1.330,00","1.354,40","1.322,00","1,60M","1,00%"
"08.08.2023","1.326,20","1.327,40","1.329,80","1.291,00","1,38M","-0,09%"
"07.08.2023","1.327,40","1.356,00","1.381,80","1.316,00","1,30M","-1,56%"
"04.08.2023","1.348,40","1.402,60","1.406,60","1.323,80","1,84M","-3,62%"
"03.08.2023","1.399,00","1.364,00","1.401,00","1.354,40","1,05M","2,57%"
"02.08.2023","1.364,00","1.364,60","1.372,80","1.353,20","739,12K","-0,04%"
"01.08.2023","1.364,60","1.368,00","1.383,80","1.351,80","849,55K","-0,22%"
"31.07.2023","1.367,60","1.340,00","1.375,00","1.333,00","970,67K","2,46%"
"28.07.2023","1.334,80","1.327,40","1.336,00","1.318,20","628,91K","0,51%"
"27.07.2023","1.328,00","1.303,00","1.337,00","1.294,00","1,24M","2,04%"
"26.07.2023","1.301,40","1.317,00","1.319,60","1.292,60","782,49K","-0,93%"
"25.07.2023","1.313,60","1.285,80","1.317,40","1.284,40","935,49K","2,15%"
"24.07.2023","1.286,00","1.275,40","1.292,00","1.272,00","665,09K","0,93%"
"21.07.2023","1.274,20","1.257,00","1.275,00","1.233,80","760,09K","1,06%"
"20.07.2023","1.260,80","1.278,40","1.286,00","1.258,80","782,57K","-1,30%"
"19.07.2023","1.277,40","1.292,00","1.292,00","1.271,20","628,32K","-0,81%"
"18.07.2023","1.287,80","1.276,20","1.300,00","1.265,20","1,59M","1,00%"
"17.07.2023","1.275,00","1.248,40","1.280,00","1.244,40","913,62K","1,76%"
"14.07.2023","1.253,00","1.241,00","1.255,00","1.233,20","662,86K","1,15%"
"13.07.2023","1.238,80","1.244,00","1.250,00","1.231,80","591,51K","-0,42%"
"12.07.2023","1.244,00","1.225,00","1.249,40","1.218,00","1,12M","1,73%"
"11.07.2023","1.222,80","1.222,00","1.227,80","1.208,60","582,96K","0,36%"
"10.07.2023","1.218,40","1.209,00","1.223,40","1.200,00","666,45K","1,58%"
"07.07.2023","1.199,40","1.208,00","1.208,00","1.187,80","786,17K","-0,37%"
"06.07.2023","1.203,80","1.215,00","1.219,00","1.198,20","749,86K","-0,76%"
"05.07.2023","1.213,00","1.211,00","1.220,00","1.203,20","801,48K","0,97%"
"04.07.2023","1.201,40","1.221,80","1.229,00","1.197,00","1,57M","-1,44%"
"03.07.2023","1.219,00","1.177,20","1.227,40","1.174,00","2,01M","3,83%"
"30.06.2023","1.174,00","1.162,80","1.184,00","1.156,20","627,93K","0,62%"
"29.06.2023","1.166,80","1.171,40","1.176,80","1.160,60","688,37K","-0,19%"
"28.06.2023","1.169,00","1.191,00","1.199,80","1.165,80","1,04M","-1,58%"
"27.06.2023","1.187,80","1.160,60","1.196,00","1.146,60","1,97M","2,56%"
"26.06.2023","1.158,20","1.178,20","1.197,80","1.127,00","2,65M","-0,55%"
"23.06.2023","1.164,60","1.155,20","1.205,00","1.153,00","2,92M","-0,02%"
"22.06.2023","1.164,80","1.183,00","1.199,00","1.153,00","1,88M","-1,46%"
"21.06.2023","1.182,00","1.144,40","1.188,00","1.133,00","2,27M","3,23%"
"20.06.2023","1.145,00","1.154,80","1.160,00","1.127,00","2,36M","-0,87%"
"19.06.2023","1.155,00","1.073,40","1.158,00","1.056,00","4,72M","7,58%"
"16.06.2023","1.073,60","1.080,00","1.080,00","1.064,20","446,53K","-0,37%"
"15.06.2023","1.077,60","1.052,20","1.079,60","1.047,20","1,15M","2,73%"
"14.06.2023","1.049,00","1.055,60","1.056,80","1.046,40","469,60K","-0,32%"
"13.06.2023","1.052,40","1.030,60","1.053,80","1.028,00","806,81K","2,14%"
"09.06.2023","1.030,40","1.042,60","1.044,40","1.030,20","276,48K","-0,98%"
"08.06.2023","1.040,60","1.020,40","1.044,00","1.015,00","683,09K","1,96%"
"07.06.2023","1.020,60","1.023,00","1.033,00","1.013,60","619,23K","-0,04%"
"06.06.2023","1.021,00","1.029,00","1.029,00","1.008,00","799,65K","-1,01%"
"05.06.2023","1.031,40","1.041,00","1.054,00","1.027,20","745,18K","-0,62%"
"02.06.2023","1.037,80","1.025,60","1.040,00","1.025,60","566,94K","0,56%"
"01.06.2023","1.032,00","1.024,00","1.037,00","1.020,40","554,73K","0,78%"
"31.05.2023","1.024,00","1.022,20","1.032,00","1.013,00","518,90K","-0,18%"
"30.05.2023","1.025,80","1.021,00","1.042,40","1.011,60","1,59M","-0,12%"
"29.05.2023","1.027,00","1.011,40","1.027,00","1.007,40","884,30K","2,11%"
"26.05.2023","1.005,80","1.010,00","1.017,80","1.000,20","521,76K","-0,08%"
"25.05.2023","1.006,60","994,00","1.020,80","990,80","1,74M","1,31%"
"24.05.2023","993,60","992,80","1.000,40","987,00","335,73K","-0,24%"
"23.05.2023","996,00","988,00","1.000,60","983,00","377,29K","0,75%"
"22.05.2023","988,60","1.000,00","1.003,80","984,60","343,56K","-0,84%"
"19.05.2023","997,00","996,60","999,80","982,20","632,56K","-0,68%"
"18.05.2023","1.003,80","1.007,80","1.013,60","996,00","438,85K","-0,59%"
"17.05.2023","1.009,80","1.010,00","1.014,60","1.002,00","532,51K","0,14%"
"16.05.2023","1.008,40","998,20","1.009,60","992,40","716,12K","1,29%"
"15.05.2023","995,60","990,00","1.000,00","986,00","647,08K","0,77%"
"12.05.2023","988,00","987,80","994,00","976,20","418,19K","0,22%"
"11.05.2023","985,80","989,00","1.004,00","971,80","1,00M","-0,14%"
"10.05.2023","987,20","968,40","988,80","962,00","685,58K","2,62%"
"08.05.2023","962,00","952,60","964,80","942,60","364,80K","0,78%"
"05.05.2023","954,60","963,20","970,40","953,80","385,94K","-0,89%"
"04.05.2023","963,20","960,00","972,60","951,60","620,34K","0,61%"
"03.05.2023","957,40","976,80","990,80","950,20","1,55M","-1,56%"
"02.05.2023","972,60","1.002,00","1.004,00","969,20","868,76K","-2,93%"
"28.04.2023","1.002,00","1.005,80","1.007,00","990,20","510,25K","-0,26%"
"27.04.2023","1.004,60","999,40","1.006,00","986,40","917,32K","0,66%"
"26.04.2023","998,00","1.010,20","1.014,20","995,00","680,45K","-1,21%"
"25.04.2023","1.010,20","1.016,00","1.018,00","1.006,20","500,82K","-0,63%"
"24.04.2023","1.016,60","1.020,00","1.024,20","1.014,20","636,76K","-0,22%"
"21.04.2023","1.018,80","1.015,00","1.021,00","1.005,20","501,47K","0,51%"
"20.04.2023","1.013,60","1.025,00","1.027,20","1.002,20","1,64M","-1,29%"
"19.04.2023","1.026,80","1.053,00","1.067,00","1.020,00","2,68M","-2,41%"
"18.04.2023","1.052,20","1.041,00","1.056,00","1.030,00","1,37M","1,37%"
"17.04.2023","1.038,00","1.026,00","1.039,00","1.022,00","992,92K","1,63%"
"14.04.2023","1.021,40","1.022,00","1.023,80","1.015,40","448,48K","-0,02%"
"13.04.2023","1.021,60","1.026,60","1.032,00","1.014,80","724,46K","-0,45%"
"12.04.2023","1.026,20","1.021,00","1.035,60","1.012,60","1,04M","0,27%"
"11.04.2023","1.023,40","1.038,60","1.042,00","1.018,00","1,22M","-1,46%"
"10.04.2023","1.038,60","1.033,60","1.049,00","1.028,20","1,12M","0,46%"
"07.04.2023","1.033,80","1.038,80","1.043,80","1.021,00","1,35M","-0,54%"
"06.04.2023","1.039,40","1.048,80","1.054,20","1.039,00","898,00K","-0,90%"
"05.04.2023","1.048,80","1.046,20","1.050,00","1.036,20","788,70K","0,44%"
"04.04.2023","1.044,20","1.055,00","1.057,00","1.040,00","676,91K","-0,84%"
"03.04.2023","1.053,00","1.053,20","1.058,20","1.041,60","598,55K","0,23%"
"31.03.2023","1.050,60","1.061,00","1.061,00","1.041,60","755,12K","-0,98%"
"30.03.2023","1.061,00","1.074,60","1.084,80","1.058,00","1,30M","-1,27%"
"29.03.2023","1.074,60","1.040,60","1.078,40","1.035,40","1,79M","3,53%"
"28.03.2023","1.038,00","1.041,40","1.044,00","1.033,00","269,09K","-0,17%"
"27.03.2023","1.039,80","1.036,20","1.042,60","1.032,20","410,74K","0,50%"
"24.03.2023","1.034,60","1.041,60","1.043,00","1.028,00","360,85K","-0,44%"
"23.03.2023","1.039,20","1.046,00","1.049,60","1.038,00","289,63K","-0,73%"
"22.03.2023","1.046,80","1.036,20","1.053,80","1.033,20","415,70K","0,79%"
"21.03.2023","1.038,60","1.065,00","1.065,00","1.034,20","618,43K","-2,02%"
"20.03.2023","1.060,00","1.036,20","1.062,00","1.030,00","897,83K","2,55%"
"17.03.2023","1.033,60","1.033,00","1.039,80","1.023,00","671,77K","0,51%"
"16.03.2023","1.028,40","1.015,40","1.031,80","1.002,00","856,84K","0,88%"
"15.03.2023","1.019,40","1.036,00","1.040,00","1.010,80","844,08K","-1,60%"
"14.03.2023","1.036,00","1.041,40","1.044,80","1.035,00","554,68K","-0,58%"
"13.03.2023","1.042,00","1.053,00","1.059,60","1.033,80","723,20K","-0,97%"
"10.03.2023","1.052,20","1.048,00","1.061,80","1.044,60","637,77K","-0,04%"
"09.03.2023","1.052,60","1.060,00","1.064,00","1.048,20","437,91K","-0,30%"
"07.03.2023","1.055,80","1.053,00","1.060,00","1.045,20","519,46K","0,27%"
"06.03.2023","1.053,00","1.067,00","1.070,20","1.049,20","683,46K","-0,98%"
"03.03.2023","1.063,40","1.050,00","1.065,00","1.046,20","400,02K","1,37%"
"02.03.2023","1.049,00","1.061,00","1.072,00","1.032,00","1,09M","-1,08%"
"01.03.2023","1.060,40","1.057,00","1.066,20","1.047,20","647,38K","0,51%"
"28.02.2023","1.055,00","1.064,00","1.074,80","1.050,00","1,03M","-0,57%"
"27.02.2023","1.061,00","1.039,00","1.062,00","1.030,60","1,12M","1,86%"
"24.02.2023","1.041,60","1.025,80","1.043,00","1.021,60","993,88K","1,54%"
"22.02.2023","1.025,80","1.012,80","1.032,00","1.004,00","1,30M","1,28%"
"21.02.2023","1.012,80","985,80","1.018,40","981,00","1,38M","2,82%"
"20.02.2023","985,00","980,00","988,60","958,00","714,83K","0,96%"
"17.02.2023","975,60","971,00","988,20","957,40","622,29K","0,18%"
"16.02.2023","973,80","968,00","989,00","956,40","985,56K","0,95%"
"15.02.2023","964,60","991,60","998,40","948,40","1,48M","-3,15%"
"14.02.2023","996,00","1.017,00","1.019,60","991,40","926,91K","-1,97%"
"13.02.2023","1.016,00","1.020,00","1.038,40","1.015,00","724,12K","-0,45%"
"10.02.2023","1.020,60","1.008,00","1.027,00","1.000,00","894,15K","1,19%"
"09.02.2023","1.008,60","980,60","1.019,00","971,00","1,63M","2,69%"
"08.02.2023","982,20","999,00","1.009,40","981,00","1,36M","-1,78%"
"07.02.2023","1.000,00","1.040,60","1.045,00","992,20","1,74M","-3,38%"
"06.02.2023","1.035,00","1.016,20","1.048,00","1.006,00","1,51M","1,85%"
"03.02.2023","1.016,20","992,20","1.025,00","981,40","1,43M","1,91%"
"02.02.2023","997,20","981,60","1.014,40","960,60","1,86M","2,11%"
"01.02.2023","976,60","931,00","977,00","925,80","1,66M","5,12%"
"31.01.2023","929,00","913,00","932,00","911,80","998,96K","1,77%"
"30.01.2023","912,80","896,60","917,60","894,00","688,13K","1,94%"
"27.01.2023","895,40","882,00","896,00","878,60","488,94K","1,59%"
"26.01.2023","881,40","876,00","883,80","871,40","306,49K","0,71%"
"25.01.2023","875,20","871,20","879,20","868,20","444,43K","0,00%"
"24.01.2023","875,20","894,00","898,00","872,00","442,75K","-1,88%"
"23.01.2023","892,00","887,00","893,80","882,20","333,78K","0,47%"
"20.01.2023","887,80","894,00","904,00","881,00","574,34K","-0,72%"
"19.01.2023","894,20","905,60","910,60","891,40","382,66K","-1,82%"
"18.01.2023","910,80","905,80","923,40","898,00","506,54K","0,77%"
"17.01.2023","903,80","922,60","927,80","902,00","663,91K","-1,97%"
"16.01.2023","922,00","890,80","927,80","890,80","784,45K","3,55%"
"13.01.2023","890,40","880,80","893,60","875,20","330,22K","1,14%"
"12.01.2023","880,40","880,00","885,00","869,80","415,68K","0,07%"
"11.01.2023","879,80","865,60","879,80","862,00","422,41K","1,88%"
"10.01.2023","863,60","872,00","872,00","860,00","403,57K","-1,03%"
"09.01.2023","872,60","887,20","892,80","862,00","835,93K","-1,33%"
"06.01.2023","884,40","882,00","894,00","878,40","328,17K","0,18%"
"05.01.2023","882,80","885,80","891,40","874,40","297,18K","-0,65%"
"04.01.2023","888,60","896,80","900,80","883,00","369,93K","-1,00%"
"03.01.2023","897,60","901,40","909,60","892,80","358,18K","-0,71%"
"30.12.2022","904,00","894,80","929,60","887,20","652,37K","1,78%"
"29.12.2022","888,20","889,80","896,00","883,00","327,86K","-0,07%"
"28.12.2022","888,80","907,40","909,60","882,80","694,90K","-2,05%"
"27.12.2022","907,40","895,40","907,80","889,60","588,57K","1,61%"
"26.12.2022","893,00","892,00","899,80","883,60","644,35K","0,50%"
"23.12.2022","888,60","884,40","900,00","874,40","469,74K","0,70%"
"22.12.2022","882,40","869,80","885,00","867,40","884,41K","1,54%"
"21.12.2022","869,00","888,60","891,80","864,20","1,48M","-1,90%"
"20.12.2022","885,80","872,00","892,00","870,20","1,06M","1,19%"
"19.12.2022","875,40","855,00","881,80","850,60","1,33M","2,53%"
"16.12.2022","853,80","837,40","858,20","835,80","804,16K","1,69%"
"15.12.2022","839,60","837,00","844,80","828,00","1,12M","0,17%"
"14.12.2022","838,20","839,00","845,00","833,20","611,74K","-0,40%"
"13.12.2022","841,60","821,00","848,80","820,60","1,47M","2,56%"
"12.12.2022","820,60","805,40","821,80","800,00","1,02M","1,94%"
"09.12.2022","805,00","801,00","816,00","794,60","528,63K","0,50%"
"08.12.2022","801,00","793,00","803,40","790,00","715,62K","1,11%"
"07.12.2022","792,20","782,00","795,80","778,60","432,93K","1,05%"
"06.12.2022","784,00","784,40","789,80","777,00","253,96K","0,46%"
"05.12.2022","780,40","776,20","787,60","771,00","349,68K","0,31%"
"02.12.2022","778,00","784,00","788,00","773,00","487,17K","-0,84%"
"01.12.2022","784,60","787,80","792,60","782,60","282,57K","-0,78%"
"30.11.2022","790,80","793,40","794,40","783,20","328,96K","-0,23%"
"29.11.2022","792,60","792,00","797,00","790,00","230,88K","0,13%"
"28.11.2022","791,60","783,40","792,80","780,80","271,41K","0,00%"
"25.11.2022","791,60","791,00","793,80","782,60","241,50K","-0,05%"
"24.11.2022","792,00","799,40","805,00","788,40","411,67K","-0,80%"
"23.11.2022","798,40","796,80","801,80","786,60","511,37K","1,11%"
"22.11.2022","789,60","776,00","793,40","768,40","579,23K","1,73%"
"21.11.2022","776,20","789,80","789,80","770,40","360,21K","-1,52%"
"18.11.2022","788,20","781,60","788,40","772,00","335,82K","0,36%"
"17.11.2022","785,40","791,40","796,00","780,80","343,88K","-0,78%"
"16.11.2022","791,60","773,20","799,80","771,00","548,17K","2,38%"
"15.11.2022","773,20","798,00","802,00","753,00","883,47K","-2,77%"
"14.11.2022","795,20","802,40","806,00","787,00","649,31K","-0,45%"
"11.11.2022","798,80","803,60","804,60","785,00","483,96K","-0,20%"
"10.11.2022","800,40","787,00","805,00","773,60","1,10M","1,91%"
"09.11.2022","785,40","814,60","819,80","777,00","1,38M","-4,50%"
"08.11.2022","822,40","824,00","837,00","807,00","1,10M","-0,19%"
"07.11.2022","824,00","787,40","830,00","787,40","1,55M","5,37%"
"03.11.2022","782,00","770,00","788,60","760,00","1,21M","1,56%"
"02.11.2022","770,00","790,00","790,00","760,20","579,03K","-2,43%"
"01.11.2022","789,20","792,80","798,40","775,80","861,12K","0,31%"
"31.10.2022","786,80","816,00","819,00","784,40","1,30M","-3,63%"
"28.10.2022","816,40","826,40","830,20","805,40","1,68M","-1,21%"
"27.10.2022","826,40","779,20","831,80","772,60","2,40M","6,00%"
"26.10.2022","779,60","757,80","784,60","745,40","1,65M","2,96%"
"25.10.2022","757,20","727,60","762,60","723,80","900,73K","4,07%"
"24.10.2022","727,60","731,20","743,60","712,60","1,36M","-0,63%"
"21.10.2022","732,20","687,00","736,80","676,80","2,02M","6,58%"
"20.10.2022","687,00","657,60","688,60","656,20","1,27M","5,08%"
"19.10.2022","653,80","644,20","656,20","636,80","1,13M","1,52%"
"18.10.2022","644,00","656,00","666,60","641,20","1,69M","-1,74%"
"17.10.2022","655,40","618,00","656,00","611,40","2,17M","6,40%"
"14.10.2022","616,00","592,80","616,00","586,00","1,51M","4,30%"
"13.10.2022","590,60","594,20","600,60","587,20","324,23K","-0,91%"
"12.10.2022","596,00","604,60","608,00","589,00","481,75K","-0,77%"
"11.10.2022","600,60","593,00","606,00","582,80","891,18K","1,35%"
"10.10.2022","592,60","565,00","595,00","560,00","768,83K","3,49%"
"07.10.2022","572,60","589,80","592,40","570,00","496,87K","-3,11%"
"06.10.2022","591,00","595,00","604,60","585,40","403,89K","-0,67%"
"05.10.2022","595,00","607,00","608,80","575,00","829,32K","-2,49%"
"04.10.2022","610,20","639,00","640,60","606,00","629,94K","-3,78%"
"03.10.2022","634,20","624,60","646,20","611,20","816,40K","1,96%"
"30.09.2022","622,00","583,00","626,40","561,00","1,44M","7,09%"
"29.09.2022","580,80","618,00","620,00","571,80","1,01M","-5,81%"
"28.09.2022","616,60","622,00","633,80","602,00","552,86K","-1,25%"
"27.09.2022","624,40","620,00","633,00","589,00","851,63K","3,04%"
"26.09.2022","606,00","690,40","693,00","599,20","1,78M","-13,48%"
"23.09.2022","700,40","724,00","724,00","687,20","816,48K","-3,29%"
"22.09.2022","724,20","701,00","734,60","701,00","730,89K","3,34%"
"21.09.2022","700,80","688,00","723,80","676,00","967,64K","-3,82%"
"20.09.2022","728,60","781,60","785,40","714,00","1,26M","-6,88%"
"19.09.2022","782,40","783,00","790,60","778,20","335,18K","0,13%"
"16.09.2022","781,40","773,00","784,00","773,00","389,70K","0,80%"
"15.09.2022","775,20","770,20","788,00","761,20","630,76K","0,73%"
"14.09.2022","769,60","777,80","777,80","756,60","576,11K","-1,05%"
"13.09.2022","777,80","782,20","783,60","772,20","442,49K","-0,28%"
"12.09.2022","780,00","780,00","793,00","777,00","624,53K","-0,36%"
"09.09.2022","782,80","780,20","783,00","773,20","489,10K","1,08%"
"08.09.2022","774,40","783,20","787,20","769,20","546,51K","-1,35%"
"07.09.2022","785,00","787,80","802,80","783,00","645,33K","-0,36%"
"06.09.2022","787,80","798,00","805,00","780,00","1,35M","-1,28%"
"05.09.2022","798,00","777,60","798,00","765,00","793,86K","3,05%"
"02.09.2022","774,40","744,80","774,40","738,60","806,25K","4,31%"
"01.09.2022","742,40","754,80","755,00","740,40","436,95K","-1,64%"
"31.08.2022","754,80","744,40","770,60","740,00","735,14K","1,48%"
"30.08.2022","743,80","740,00","754,80","737,00","772,51K","0,65%"
"29.08.2022","739,00","712,40","739,00","711,00","758,04K","3,70%"
"26.08.2022","712,60","705,80","712,60","704,00","167,46K","0,96%"
"25.08.2022","705,80","710,40","713,80","701,00","301,82K","-0,59%"
"24.08.2022","710,00","711,60","714,00","704,00","277,27K","-0,28%"
"23.08.2022","712,00","709,60","715,60","706,20","275,31K","0,56%"
"22.08.2022","708,00","704,60","709,40","699,80","255,55K","0,65%"
"19.08.2022","703,40","699,00","704,60","691,60","310,36K","0,57%"
"18.08.2022","699,40","702,00","705,00","696,60","244,82K","-0,37%"
"17.08.2022","702,00","716,00","720,80","702,00","465,31K","-1,63%"
"16.08.2022","713,60","708,20","714,20","701,00","612,00K","0,76%"
"15.08.2022","708,20","708,40","708,40","695,20","422,71K","1,17%"
"12.08.2022","700,00","700,20","705,60","691,60","310,78K","-0,71%"
"11.08.2022","705,00","700,80","714,00","697,00","578,83K","1,00%"
"10.08.2022","698,00","707,60","708,60","695,20","425,10K","-1,36%"
"09.08.2022","707,60","685,00","707,60","672,00","686,74K","3,51%"
"08.08.2022","683,60","714,00","714,00","683,60","529,46K","0,53%"
"05.08.2022","680,00","704,00","718,80","680,00","667,56K","-2,63%"
"04.08.2022","698,40","695,00","703,00","686,60","421,87K","0,34%"
"03.08.2022","696,00","720,00","724,60","695,40","741,88K","-4,05%"
"02.08.2022","725,40","731,00","740,00","717,20","583,95K","-0,90%"
"01.08.2022","732,00","736,60","754,60","732,00","1,07M","-0,25%"
"29.07.2022","733,80","715,20","735,80","707,60","652,10K","1,92%"
"28.07.2022","720,00","744,00","751,60","712,80","1,12M","-3,02%"
"27.07.2022","742,40","730,20","753,40","725,40","1,19M","2,68%"
"26.07.2022","723,00","698,60","723,40","697,00","692,55K","4,03%"
"25.07.2022","695,00","688,80","698,60","679,80","801,23K","0,78%"
"22.07.2022","689,60","680,00","689,60","670,40","690,10K","0,97%"
"21.07.2022","683,00","699,00","699,00","677,00","1,02M","-2,82%"
"20.07.2022","702,80","711,60","721,60","698,60","811,69K","-1,71%"
"19.07.2022","715,00","722,60","722,60","706,00","543,88K","-1,00%"
"18.07.2022","722,20","739,40","741,00","722,00","355,02K","-2,38%"
"15.07.2022","739,80","746,00","749,60","725,00","564,69K","-0,51%"
"14.07.2022","743,60","757,40","770,00","738,20","353,34K","-1,69%"
"13.07.2022","756,40","779,40","785,00","748,00","581,53K","-3,00%"
"12.07.2022","779,80","805,00","808,60","770,60","541,47K","-3,56%"
"11.07.2022","808,60","816,20","819,40","800,00","297,26K","-1,56%"
"08.07.2022","821,40","822,40","822,60","811,00","229,77K","-0,29%"
"07.07.2022","823,80","831,00","831,00","811,00","346,11K","-0,89%"
"06.07.2022","831,20","826,40","843,80","820,40","389,15K","-0,10%"
"05.07.2022","832,00","848,00","848,00","802,00","634,59K","-1,75%"
"04.07.2022","846,80","836,00","848,20","830,00","440,13K","2,02%"
"01.07.2022","830,00","829,60","859,00","810,00","824,58K","0,00%"
"30.06.2022","830,00","842,00","849,80","797,00","1,25M","-1,19%"
"29.06.2022","840,00","803,80","840,00","784,60","1,16M","3,60%"
"28.06.2022","810,80","832,00","843,00","802,80","636,37K","-2,62%"
"27.06.2022","832,60","818,60","832,80","811,00","591,47K","1,71%"
"24.06.2022","818,60","807,00","837,80","800,00","1,47M","1,44%"
"23.06.2022","807,00","784,00","808,20","774,00","925,68K","2,70%"
"22.06.2022","785,80","765,00","785,80","750,00","870,47K","1,97%"
"21.06.2022","770,60","770,00","794,80","753,00","1,51M","0,34%"
"20.06.2022","768,00","738,00","775,00","733,00","1,32M","4,49%"
"17.06.2022","735,00","741,40","743,20","724,80","699,38K","-0,86%"
"16.06.2022","741,40","726,60","745,00","723,00","804,02K","2,12%"
"15.06.2022","726,00","720,40","733,00","714,20","557,77K","0,83%"
"14.06.2022","720,00","711,60","720,00","704,20","563,64K","-0,14%"
"10.06.2022","721,00","714,00","723,80","701,20","718,36K","0,98%"
"09.06.2022","714,00","733,40","739,00","706,40","957,64K","-2,43%"
"08.06.2022","731,80","718,20","748,40","718,00","1,94M","2,01%"
"07.06.2022","717,40","716,20","723,00","694,20","1,70M","0,08%"
"06.06.2022","716,80","712,00","735,20","680,20","4,19M","0,82%"
"03.06.2022","711,00","812,00","830,00","685,00","11,74M","-12,85%"
"02.06.2022","815,80","958,00","970,00","807,00","3,70M","-15,27%"
"01.06.2022","962,80","962,00","974,60","945,40","468,89K","-1,23%"
"31.05.2022","974,80","1.000,00","1.001,20","965,00","405,05K","-2,99%"
"30.05.2022","1.004,80","1.030,20","1.031,80","989,00","482,17K","-2,92%"
"27.05.2022","1.035,00","1.042,20","1.059,20","1.026,00","358,44K","-0,67%"
"26.05.2022","1.042,00","1.047,80","1.068,00","1.025,60","399,67K","-0,38%"
"25.05.2022","1.046,00","1.010,00","1.049,00","1.005,60","298,03K","4,18%"
"24.05.2022","1.004,00","1.028,00","1.049,60","988,00","697,35K","-4,47%"
"23.05.2022","1.051,00","1.118,00","1.118,00","1.019,00","397,14K","-5,45%"
"20.05.2022","1.111,60","1.152,00","1.152,60","1.102,20","318,25K","-3,39%"
"19.05.2022","1.150,60","1.145,00","1.158,80","1.125,00","283,21K","0,58%"
"18.05.2022","1.144,00","1.120,00","1.159,40","1.115,00","400,26K","2,69%"
"17.05.2022","1.114,00","1.106,00","1.120,00","1.102,00","213,98K","0,78%"
"16.05.2022","1.105,40","1.090,00","1.110,00","1.084,20","283,54K","2,14%"
"13.05.2022","1.082,20","1.100,00","1.109,20","1.078,00","257,61K","-0,95%"
"12.05.2022","1.092,60","1.124,80","1.134,60","1.078,00","289,58K","-2,88%"
"11.05.2022","1.125,00","1.105,60","1.130,00","1.104,00","304,63K","1,53%"
"06.05.2022","1.108,00","1.098,60","1.108,00","1.090,00","172,99K","0,54%"
"05.05.2022","1.102,00","1.088,80","1.103,80","1.083,60","207,89K","1,94%"
"04.05.2022","1.081,00","1.096,00","1.120,00","1.074,80","302,05K","-1,28%"
"29.04.2022","1.095,00","1.052,00","1.096,00","1.043,00","292,13K","3,32%"
"28.04.2022","1.059,80","1.095,00","1.097,40","1.050,00","362,51K","-1,87%"
"27.04.2022","1.080,00","1.062,00","1.096,60","1.060,60","342,23K","0,95%"
"26.04.2022","1.069,80","1.044,00","1.072,60","1.033,40","405,59K","1,40%"
"25.04.2022","1.055,00","1.055,00","1.058,20","1.031,00","236,75K","-0,64%"
"22.04.2022","1.061,80","1.047,20","1.068,00","995,00","406,83K","1,61%"
"21.04.2022","1.045,00","1.040,40","1.064,20","1.020,00","567,42K","0,00%"
"20.04.2022","1.045,00","1.005,00","1.045,00","986,60","712,46K","4,15%"
"19.04.2022","1.003,40","973,80","1.015,60","964,20","539,46K","3,06%"
"18.04.2022","973,60","973,00","985,00","957,00","271,58K","0,27%"
"15.04.2022","971,00","975,00","994,60","950,00","421,50K","-0,47%"
"14.04.2022","975,60","1.019,00","1.019,00","970,40","375,01K","-3,73%"
"13.04.2022","1.013,40","1.035,60","1.042,20","1.001,20","337,36K","-2,14%"
"12.04.2022","1.035,60","1.014,00","1.046,20","982,00","712,41K","1,73%"
"11.04.2022","1.018,00","1.070,00","1.079,00","1.015,00","650,82K","-4,66%"
"08.04.2022","1.067,80","1.082,20","1.082,20","1.049,00","365,48K","0,17%"
"07.04.2022","1.066,00","1.065,00","1.085,00","1.057,60","713,26K","0,40%"
"06.04.2022","1.061,80","1.093,00","1.095,20","1.050,20","1,13M","-2,85%"
"05.04.2022","1.093,00","1.186,40","1.208,80","1.080,80","1,03M","-7,76%"
"04.04.2022","1.185,00","1.219,20","1.248,00","1.163,00","852,42K","-0,64%"
"01.04.2022","1.192,60","1.149,00","1.200,00","1.111,20","1,08M","8,42%"
"31.03.2022","1.100,00","1.069,00","1.140,00","1.066,00","1,17M","3,97%"
"30.03.2022","1.058,00","1.002,00","1.068,00","1.002,00","448,62K","4,36%"
"29.03.2022","1.013,80","1.061,60","1.097,00","980,00","700,14K","-3,80%"
"28.03.2022","1.053,80","1.159,00","1.160,00","1.040,00","606,03K","-9,19%"
"25.03.2022","1.160,40","1.299,60","1.340,00","1.137,00","577,92K","-9,34%"
"24.03.2022","1.280,00","1.315,00","1.439,00","1.250,00","2,67M","-2,68%"
"28.02.2022","1.315,20","1.315,20","1.315,20","1.315,20","","0,02%"
"25.02.2022","1.315,00","1.280,00","1.432,20","1.257,80","2,06M","5,20%"
"24.02.2022","1.250,00","1.490,00","1.500,00","954,60","7,25M","-22,11%"
"22.02.2022","1.604,80","1.489,40","1.612,00","1.430,20","4,80M","7,40%"
"21.02.2022","1.494,20","1.639,60","1.674,80","1.382,40","5,51M","-8,67%"
"18.02.2022","1.636,00","1.621,00","1.663,80","1.600,40","2,99M","1,44%"
"17.02.2022","1.612,80","1.668,00","1.669,00","1.597,00","2,26M","-3,37%"
"16.02.2022","1.669,00","1.660,80","1.675,20","1.634,40","1,04M","1,09%"
"15.02.2022","1.651,00","1.621,00","1.669,80","1.616,00","1,38M","1,98%"
"14.02.2022","1.619,00","1.592,80","1.645,00","1.542,80","3,24M","1,24%"
"11.02.2022","1.599,20","1.640,00","1.658,60","1.592,00","1,70M","-3,02%"
"10.02.2022","1.649,00","1.679,80","1.682,60","1.622,80","1,87M","-1,56%"
"09.02.2022","1.675,20","1.628,00","1.698,60","1.622,40","2,13M","2,96%"
"08.02.2022","1.627,00","1.558,00","1.629,40","1.553,00","1,54M","4,36%"
"07.02.2022","1.559,00","1.563,60","1.582,00","1.550,00","1,20M","-0,10%"
"04.02.2022","1.560,60","1.562,00","1.591,60","1.545,00","1,39M","0,14%"
"03.02.2022","1.558,40","1.568,00","1.571,80","1.540,00","1,04M","-0,60%"
"02.02.2022","1.567,80","1.539,40","1.581,00","1.530,00","1,42M","1,81%"
"01.02.2022","1.540,00","1.508,40","1.544,00","1.491,00","1,27M","1,92%"
"31.01.2022","1.511,00","1.470,60","1.520,00","1.470,60","1,26M","2,40%"
"28.01.2022","1.475,60","1.474,00","1.496,00","1.451,20","1,28M","0,55%"
"27.01.2022","1.467,60","1.429,00","1.485,80","1.405,80","2,15M","2,77%"
"26.01.2022","1.428,00","1.428,00","1.467,80","1.400,40","1,73M","0,29%"
"25.01.2022","1.423,80","1.395,80","1.434,00","1.374,00","1,79M","0,55%"
"24.01.2022","1.416,00","1.481,20","1.492,60","1.367,40","2,26M","-4,32%"
"21.01.2022","1.480,00","1.481,00","1.510,00","1.465,20","1,48M","-0,19%"
"20.01.2022","1.482,80","1.494,00","1.524,80","1.471,00","1,52M","0,15%"
"19.01.2022","1.480,60","1.467,00","1.496,80","1.416,00","3,72M","1,38%"
"18.01.2022","1.460,40","1.520,40","1.521,80","1.416,40","2,30M","-3,59%"
"17.01.2022","1.514,80","1.548,00","1.568,80","1.493,40","1,15M","-2,38%"
"14.01.2022","1.551,80","1.564,00","1.580,00","1.499,00","1,67M","-1,18%"
"13.01.2022","1.570,40","1.580,00","1.595,80","1.534,40","1,30M","-1,31%"
"12.01.2022","1.591,20","1.572,40","1.593,00","1.562,00","840,07K","1,20%"
"11.01.2022","1.572,40","1.560,00","1.594,40","1.545,00","1,00M","1,14%"
"10.01.2022","1.554,60","1.580,00","1.600,00","1.540,20","941,33K","-1,86%"
"06.01.2022","1.584,00","1.570,00","1.610,40","1.562,20","562,49K","0,56%"
"05.01.2022","1.575,20","1.603,40","1.617,40","1.562,60","755,21K","-1,76%"
"04.01.2022","1.603,40","1.620,00","1.625,60","1.598,00","515,50K","-1,01%"
"03.01.2022","1.619,80","1.600,40","1.621,00","1.594,00","455,40K","0,97%"
"30.12.2021","1.604,20","1.568,00","1.606,60","1.557,20","863,01K","2,15%"
"29.12.2021","1.570,40","1.587,60","1.594,00","1.556,80","1,05M","-1,08%"
"28.12.2021","1.587,60","1.583,80","1.595,80","1.570,20","1,33M","-0,06%"
"27.12.2021","1.588,60","1.578,00","1.599,60","1.573,20","560,75K","0,67%"
"24.12.2021","1.578,00","1.560,00","1.580,00","1.550,40","462,77K","1,09%"
"23.12.2021","1.561,00","1.567,00","1.579,00","1.553,80","936,11K","0,00%"
"22.12.2021","1.561,00","1.547,80","1.570,00","1.526,00","884,19K","1,01%"
"21.12.2021","1.545,40","1.510,00","1.547,00","1.510,00","1,06M","2,21%"
"20.12.2021","1.512,00","1.499,60","1.522,00","1.476,40","1,04M","0,61%"
"17.12.2021","1.502,80","1.500,00","1.511,60","1.480,20","1,10M","-0,28%"
"16.12.2021","1.507,00","1.455,00","1.518,40","1.450,00","1,58M","3,77%"
"15.12.2021","1.452,20","1.461,20","1.478,40","1.424,60","1,67M","-0,95%"
"14.12.2021","1.466,20","1.491,00","1.494,80","1.321,20","2,35M","-1,12%"
"13.12.2021","1.482,80","1.515,20","1.523,80","1.482,20","2,12M","-7,07%"
"10.12.2021","1.595,60","1.590,20","1.604,20","1.583,20","2,07M","0,36%"
"09.12.2021","1.589,80","1.595,60","1.604,80","1.572,20","1,53M","-0,36%"
"08.12.2021","1.595,60","1.600,00","1.630,20","1.579,80","1,69M","-0,49%"
"07.12.2021","1.603,40","1.556,00","1.608,40","1.551,20","1,39M","3,05%"
"06.12.2021","1.556,00","1.571,20","1.585,80","1.537,20","1,06M","-0,90%"
"03.12.2021","1.570,20","1.598,60","1.612,20","1.556,60","1,22M","-1,08%"
"02.12.2021","1.587,40","1.568,80","1.588,80","1.557,20","1,13M","1,56%"
"01.12.2021","1.563,00","1.566,80","1.594,60","1.554,60","1,41M","-0,10%"
"30.11.2021","1.564,60","1.607,60","1.616,80","1.547,60","3,06M","-3,49%"
"29.11.2021","1.621,20","1.601,40","1.638,00","1.601,40","807,20K","1,81%"
"26.11.2021","1.592,40","1.647,20","1.647,20","1.590,00","1,27M","-3,85%"
"25.11.2021","1.656,20","1.651,60","1.666,00","1.650,00","438,71K","0,06%"
"24.11.2021","1.655,20","1.672,00","1.676,40","1.650,20","882,05K","-0,76%"
"23.11.2021","1.667,80","1.651,00","1.677,00","1.627,40","1,97M","0,25%"
"22.11.2021","1.663,60","1.670,60","1.673,00","1.621,00","1,56M","-0,61%"
"19.11.2021","1.673,80","1.700,00","1.708,00","1.655,60","1,14M","-1,25%"
"18.11.2021","1.695,00","1.671,40","1.709,40","1.668,20","1,27M","1,41%"
"17.11.2021","1.671,40","1.675,80","1.683,80","1.668,00","717,43K","0,12%"
"16.11.2021","1.669,40","1.678,80","1.678,80","1.662,00","708,59K","0,12%"
"15.11.2021","1.667,40","1.673,20","1.690,80","1.665,00","894,13K","-0,54%"
"12.11.2021","1.676,40","1.662,00","1.679,00","1.645,20","1,26M","0,62%"
"11.11.2021","1.666,00","1.644,80","1.680,00","1.632,00","1,09M","1,52%"
"10.11.2021","1.641,00","1.678,20","1.682,00","1.623,00","1,22M","-2,01%"
"09.11.2021","1.674,60","1.663,00","1.694,60","1.655,00","1,22M","0,53%"
"08.11.2021","1.665,80","1.633,00","1.672,00","1.633,00","1,09M","2,06%"
"05.11.2021","1.632,20","1.651,00","1.657,00","1.617,00","996,54K","-1,14%"
"03.11.2021","1.651,00","1.645,00","1.657,00","1.635,20","703,63K","0,22%"
"02.11.2021","1.647,40","1.660,00","1.665,00","1.639,00","976,34K","-0,90%"
"01.11.2021","1.662,40","1.615,00","1.664,00","1.605,60","1,19M","2,99%"
"29.10.2021","1.614,20","1.617,00","1.624,60","1.609,60","1,06M","-0,32%"
"28.10.2021","1.619,40","1.629,80","1.635,20","1.596,00","1,95M","-0,65%"
"27.10.2021","1.630,00","1.630,20","1.638,00","1.611,20","973,34K","-0,21%"
"26.10.2021","1.633,40","1.632,00","1.654,40","1.625,40","1,47M","0,07%"
"25.10.2021","1.632,20","1.618,60","1.644,20","1.618,60","1,14M","0,69%"
"22.10.2021","1.621,00","1.626,80","1.641,60","1.618,00","1,25M","-0,43%"
"21.10.2021","1.628,00","1.616,20","1.655,80","1.614,20","1,72M","0,01%"
"20.10.2021","1.627,80","1.648,00","1.650,60","1.612,40","1,64M","-1,48%"
"19.10.2021","1.652,20","1.646,00","1.664,80","1.618,40","2,55M","0,77%"
"18.10.2021","1.639,60","1.591,00","1.640,80","1.576,00","3,64M","4,59%"
"15.10.2021","1.567,60","1.598,80","1.599,80","1.544,00","1,87M","-1,75%"
"14.10.2021","1.595,60","1.595,20","1.605,00","1.579,00","1,27M","0,57%"
"13.10.2021","1.586,60","1.598,00","1.605,00","1.572,00","1,46M","-0,30%"
"12.10.2021","1.591,40","1.594,00","1.599,00","1.575,20","1,24M","-0,26%"
"11.10.2021","1.595,60","1.591,00","1.604,00","1.570,40","1,35M","0,72%"
"08.10.2021","1.584,20","1.560,00","1.609,40","1.541,20","2,29M","1,55%"
"07.10.2021","1.560,00","1.540,20","1.575,00","1.528,20","2,25M","1,43%"
"06.10.2021","1.538,00","1.472,00","1.549,80","1.462,60","2,43M","3,57%"
"05.10.2021","1.485,00","1.452,60","1.485,00","1.430,20","2,45M","1,55%"
"04.10.2021","1.462,40","1.505,00","1.507,80","1.439,00","2,21M","-2,82%"
"01.10.2021","1.504,80","1.515,40","1.515,60","1.491,00","1,80M","-1,00%"
"30.09.2021","1.520,00","1.549,80","1.550,00","1.510,00","1,38M","-1,50%"
"29.09.2021","1.543,20","1.535,00","1.554,60","1.528,00","1,15M","0,65%"
"28.09.2021","1.533,20","1.572,20","1.572,20","1.524,00","1,16M","-2,22%"
"27.09.2021","1.568,00","1.566,20","1.590,00","1.557,00","985,72K","0,29%"
"24.09.2021","1.563,40","1.579,60","1.599,80","1.543,80","1,51M","-1,01%"
"23.09.2021","1.579,40","1.573,00","1.580,00","1.536,00","1,93M","1,18%"
"22.09.2021","1.561,00","1.535,00","1.581,00","1.521,80","1,83M","2,58%"
"21.09.2021","1.521,80","1.524,60","1.536,40","1.496,00","2,33M","0,77%"
"20.09.2021","1.510,20","1.554,80","1.561,00","1.505,00","2,26M","-3,87%"
"17.09.2021","1.571,00","1.610,00","1.613,00","1.563,80","1,89M","-2,36%"
"16.09.2021","1.609,00","1.624,00","1.630,00","1.606,00","1,09M","-1,34%"
"15.09.2021","1.630,80","1.622,40","1.651,20","1.598,40","2,13M","0,52%"
"14.09.2021","1.622,40","1.647,60","1.647,60","1.615,20","1,44M","-1,60%"
"13.09.2021","1.648,80","1.638,20","1.655,20","1.623,60","1,08M","0,84%"
"10.09.2021","1.635,00","1.620,40","1.647,00","1.606,00","1,34M","1,21%"
"09.09.2021","1.615,40","1.654,80","1.655,80","1.612,60","1,73M","-2,53%"
"08.09.2021","1.657,40","1.668,40","1.668,40","1.654,60","807,91K","-0,28%"
"07.09.2021","1.662,00","1.668,00","1.673,60","1.650,00","720,51K","-0,06%"
"06.09.2021","1.663,00","1.645,00","1.671,20","1.640,00","951,08K","0,91%"
"03.09.2021","1.648,00","1.671,60","1.678,20","1.634,60","2,10M","-1,42%"
"02.09.2021","1.671,80","1.656,20","1.704,00","1.643,20","2,49M","0,65%"
"01.09.2021","1.661,00","1.647,60","1.668,80","1.622,60","2,96M","-3,56%"
"31.08.2021","1.722,40","1.746,00","1.749,20","1.713,20","2,45M","-0,98%"
"30.08.2021","1.739,40","1.742,00","1.754,00","1.734,40","1,24M","0,29%"
"27.08.2021","1.734,40","1.705,00","1.734,40","1.692,20","1,56M","2,10%"
"26.08.2021","1.698,80","1.709,00","1.716,40","1.695,80","1,21M","-0,61%"
"25.08.2021","1.709,20","1.688,60","1.716,40","1.683,40","1,31M","1,22%"
"24.08.2021","1.688,60","1.695,00","1.705,00","1.676,40","1,43M","-0,09%"
"23.08.2021","1.690,20","1.673,60","1.695,00","1.663,20","1,07M","1,27%"
"20.08.2021","1.669,00","1.692,40","1.698,40","1.653,80","1,08M","-0,88%"
"19.08.2021","1.683,80","1.693,80","1.699,00","1.660,40","1,69M","-1,37%"
"18.08.2021","1.707,20","1.744,20","1.751,20","1.699,00","1,37M","-2,07%"
"17.08.2021","1.743,20","1.754,00","1.759,80","1.738,60","1,16M","-1,02%"
"16.08.2021","1.761,20","1.745,00","1.774,20","1.742,80","764,14K","0,77%"
"13.08.2021","1.747,80","1.740,00","1.755,00","1.729,00","648,92K","0,21%"
"12.08.2021","1.744,20","1.767,00","1.768,40","1.737,40","876,97K","-1,31%"
"11.08.2021","1.767,40","1.777,00","1.788,20","1.761,00","764,83K","-0,43%"
"10.08.2021","1.775,00","1.748,60","1.777,60","1.734,80","1,29M","2,25%"
"09.08.2021","1.736,00","1.756,60","1.757,40","1.726,80","1,70M","-1,35%"
"06.08.2021","1.759,80","1.800,60","1.803,60","1.756,20","1,18M","-2,06%"
"05.08.2021","1.796,80","1.799,00","1.799,00","1.783,00","813,26K","0,40%"
"04.08.2021","1.789,60","1.796,00","1.806,00","1.782,20","755,50K","-0,18%"
"03.08.2021","1.792,80","1.782,60","1.795,00","1.776,40","757,92K","0,38%"
"02.08.2021","1.786,00","1.799,80","1.814,80","1.781,60","1,03M","-0,74%"
"30.07.2021","1.799,40","1.797,00","1.808,00","1.776,20","2,54M","0,22%"
"29.07.2021","1.795,40","1.799,20","1.810,40","1.775,60","1,29M","0,41%"
"28.07.2021","1.788,00","1.787,40","1.804,00","1.770,20","1,17M","0,27%"
"27.07.2021","1.783,20","1.749,80","1.789,00","1.742,80","1,94M","1,98%"
"26.07.2021","1.748,60","1.730,00","1.749,20","1.714,00","1,03M","0,40%"
"23.07.2021","1.741,60","1.738,80","1.753,00","1.727,60","985,47K","0,15%"
"22.07.2021","1.739,00","1.717,00","1.741,80","1.710,60","1,57M","1,59%"
"21.07.2021","1.711,80","1.720,00","1.729,80","1.704,20","1,50M","-0,28%"
"20.07.2021","1.716,60","1.678,20","1.724,00","1.675,80","2,82M","2,57%"
"19.07.2021","1.673,60","1.661,60","1.677,80","1.642,80","1,67M","0,60%"
"16.07.2021","1.663,60","1.704,00","1.718,20","1.642,60","2,59M","-0,99%"
"15.07.2021","1.680,20","1.656,80","1.684,20","1.646,40","1,47M","1,68%"
"14.07.2021","1.652,40","1.671,20","1.690,00","1.646,00","1,65M","-1,11%"
"13.07.2021","1.671,00","1.630,00","1.676,40","1.620,80","2,04M","2,40%"
"12.07.2021","1.631,80","1.628,00","1.640,40","1.604,00","1,33M","0,43%"
"09.07.2021","1.624,80","1.555,60","1.629,40","1.555,60","1,88M","4,09%"
"08.07.2021","1.561,00","1.591,40","1.620,80","1.552,20","1,69M","-1,82%"
"07.07.2021","1.590,00","1.534,00","1.590,00","1.531,60","1,47M","4,04%"
"06.07.2021","1.528,20","1.560,00","1.561,40","1.511,00","1,25M","-1,72%"
"05.07.2021","1.555,00","1.570,00","1.573,80","1.546,60","990,29K","-1,21%"
"02.07.2021","1.574,00","1.561,40","1.587,00","1.561,40","691,63K","0,25%"
"01.07.2021","1.570,00","1.577,00","1.593,40","1.556,20","1,01M","-0,47%"
"30.06.2021","1.577,40","1.543,60","1.579,60","1.530,00","1,59M","2,39%"
"29.06.2021","1.540,60","1.574,40","1.578,00","1.531,20","1,26M","-1,96%"
"28.06.2021","1.571,40","1.566,20","1.597,80","1.551,60","1,92M","0,33%"
"25.06.2021","1.566,20","1.575,00","1.592,60","1.535,40","3,65M","-0,97%"
"24.06.2021","1.581,60","1.600,00","1.616,20","1.484,20","5,66M","-1,19%"
"23.06.2021","1.600,60","1.603,00","1.617,20","1.591,80","895,21K","-0,15%"
"22.06.2021","1.603,00","1.618,00","1.624,80","1.586,00","1,10M","-0,62%"
"21.06.2021","1.613,00","1.617,80","1.619,80","1.578,80","2,34M","-0,43%"
"18.06.2021","1.620,00","1.632,20","1.643,20","1.603,00","2,14M","-1,01%"
"17.06.2021","1.636,60","1.660,00","1.665,60","1.627,60","1,78M","-1,49%"
"16.06.2021","1.661,40","1.690,40","1.694,20","1.660,20","1,34M","-1,98%"
"15.06.2021","1.695,00","1.715,60","1.727,80","1.690,00","1,33M","-1,52%"
"14.06.2021","1.721,20","1.735,00","1.758,00","1.708,60","1,04M","-0,73%"
"11.06.2021","1.733,80","1.692,00","1.750,80","1.685,00","2,25M","2,53%"
"10.06.2021","1.691,00","1.653,20","1.700,00","1.645,80","2,21M","2,18%"
"09.06.2021","1.655,00","1.661,40","1.661,60","1.634,00","1,26M","-0,23%"
"08.06.2021","1.658,80","1.685,00","1.704,20","1.643,00","1,89M","-1,58%"
"07.06.2021","1.685,40","1.645,00","1.689,20","1.628,60","1,30M","2,36%"
"04.06.2021","1.646,60","1.662,80","1.671,00","1.605,20","2,12M","-1,02%"
"03.06.2021","1.663,60","1.683,20","1.692,60","1.654,40","1,54M","-1,07%"
"02.06.2021","1.681,60","1.700,80","1.705,00","1.662,60","1,65M","-0,80%"
"01.06.2021","1.695,20","1.686,00","1.697,60","1.675,80","1,35M","0,55%"
"31.05.2021","1.686,00","1.680,00","1.696,80","1.652,00","2,24M","-4,11%"
"28.05.2021","1.758,20","1.750,00","1.775,00","1.739,00","2,28M","0,11%"
"27.05.2021","1.756,20","1.757,40","1.778,60","1.734,40","2,55M","0,10%"
"26.05.2021","1.754,40","1.786,20","1.796,00","1.731,40","2,06M","-1,93%"
"25.05.2021","1.789,00","1.780,20","1.800,00","1.768,60","878,80K","0,28%"
"24.05.2021","1.784,00","1.779,00","1.787,20","1.765,60","666,41K","0,03%"
"21.05.2021","1.783,40","1.822,00","1.822,00","1.770,20","1,34M","-1,63%"
"20.05.2021","1.813,00","1.762,00","1.824,60","1.762,00","1,95M","2,56%"
"19.05.2021","1.767,80","1.783,80","1.787,80","1.752,80","1,47M","-0,90%"
"18.05.2021","1.783,80","1.781,00","1.815,80","1.762,20","1,72M","0,62%"
"17.05.2021","1.772,80","1.779,80","1.791,80","1.753,00","754,54K","-0,40%"
"14.05.2021","1.780,00","1.780,00","1.789,80","1.751,20","1,16M","-0,50%"
"13.05.2021","1.789,00","1.823,00","1.827,20","1.764,20","1,77M","-1,66%"
"12.05.2021","1.819,20","1.825,20","1.847,00","1.813,80","857,12K","-0,47%"
"11.05.2021","1.827,80","1.826,20","1.845,60","1.803,60","1,17M","-0,19%"
"10.05.2021","1.831,20","1.836,00","1.864,00","1.822,00","1,30M","-0,24%"
"07.05.2021","1.835,60","1.760,00","1.837,00","1.759,40","2,39M","4,30%"
"06.05.2021","1.760,00","1.757,60","1.769,40","1.722,60","1,77M","0,45%"
"05.05.2021","1.752,20","1.759,00","1.760,00","1.700,40","1,97M","-0,32%"
"04.05.2021","1.757,80","1.777,40","1.792,40","1.730,20","1,66M","-0,91%"
"30.04.2021","1.774,00","1.810,00","1.810,00","1.757,60","1,46M","-2,08%"
"29.04.2021","1.811,60","1.801,00","1.817,20","1.787,40","803,09K","0,91%"
"28.04.2021","1.795,20","1.804,00","1.836,80","1.769,00","2,22M","-0,92%"
"27.04.2021","1.811,80","1.875,60","1.877,60","1.779,60","3,73M","-3,42%"
"26.04.2021","1.876,00","1.877,40","1.905,00","1.855,00","2,06M","-0,28%"
"23.04.2021","1.881,20","1.871,60","1.889,60","1.852,80","1,64M","0,34%"
"22.04.2021","1.874,80","1.830,00","1.911,20","1.802,40","3,60M","2,57%"
"21.04.2021","1.827,80","1.760,00","1.828,60","1.752,20","2,57M","4,51%"
"20.04.2021","1.749,00","1.745,00","1.776,00","1.731,40","1,78M","0,77%"
"19.04.2021","1.735,60","1.773,00","1.819,00","1.722,00","3,58M","-1,88%"
"16.04.2021","1.768,80","1.677,80","1.769,40","1.671,20","2,48M","6,01%"
"15.04.2021","1.668,60","1.600,00","1.671,00","1.592,60","1,41M","3,52%"
"14.04.2021","1.611,80","1.642,00","1.647,60","1.596,80","1,33M","-1,25%"
"13.04.2021","1.632,20","1.609,00","1.650,00","1.605,00","2,22M","1,52%"
"12.04.2021","1.607,80","1.534,60","1.610,00","1.530,80","1,59M","4,55%"
"09.04.2021","1.537,80","1.555,00","1.558,00","1.525,20","837,25K","-0,98%"
"08.04.2021","1.553,00","1.537,00","1.556,20","1.521,20","1,28M","2,05%"
"07.04.2021","1.521,80","1.490,00","1.533,00","1.467,20","2,24M","1,25%"
"06.04.2021","1.503,00","1.510,20","1.527,80","1.493,00","1,48M","-0,32%"
"05.04.2021","1.507,80","1.529,80","1.529,80","1.497,20","767,91K","-1,33%"
"02.04.2021","1.528,20","1.510,00","1.531,40","1.503,00","537,78K","1,26%"
"01.04.2021","1.509,20","1.540,00","1.560,00","1.492,40","2,18M","-1,66%"
"31.03.2021","1.534,60","1.481,00","1.553,20","1.477,20","2,30M","3,65%"
"30.03.2021","1.480,60","1.452,20","1.486,20","1.450,00","1,57M","2,73%"
"29.03.2021","1.441,20","1.422,00","1.451,80","1.413,20","2,36M","1,05%"
"26.03.2021","1.426,20","1.398,00","1.429,00","1.398,00","1,76M","2,12%"
"25.03.2021","1.396,60","1.402,00","1.420,60","1.375,00","1,88M","-0,07%"
"24.03.2021","1.397,60","1.388,00","1.413,60","1.362,40","1,13M","1,38%"
"23.03.2021","1.378,60","1.415,00","1.415,00","1.371,60","1,33M","-2,35%"
"22.03.2021","1.411,80","1.425,00","1.425,00","1.403,60","743,68K","-0,76%"
"19.03.2021","1.422,60","1.417,40","1.441,80","1.407,20","1,89M","0,79%"
"18.03.2021","1.411,40","1.420,60","1.440,60","1.406,20","999,90K","-0,40%"
"17.03.2021","1.417,00","1.431,00","1.440,60","1.414,40","1,06M","-1,27%"
"16.03.2021","1.435,20","1.444,40","1.445,60","1.410,00","1,28M","-0,07%"
"15.03.2021","1.436,20","1.398,80","1.450,80","1.398,00","1,69M","2,00%"
"12.03.2021","1.408,00","1.369,00","1.414,40","1.350,00","1,90M","3,45%"
"11.03.2021","1.361,00","1.344,60","1.366,80","1.339,80","1,27M","1,99%"
"10.03.2021","1.334,40","1.310,00","1.340,00","1.301,40","1,42M","1,43%"
"09.03.2021","1.315,60","1.345,00","1.350,60","1.286,60","2,11M","-1,75%"
"05.03.2021","1.339,00","1.340,60","1.341,20","1.321,60","1,11M","0,45%"
"04.03.2021","1.333,00","1.377,40","1.380,20","1.327,20","1,37M","-3,08%"
"03.03.2021","1.375,40","1.358,00","1.381,00","1.358,00","1,51M","1,13%"
"02.03.2021","1.360,00","1.364,60","1.380,00","1.351,20","1,11M","-0,50%"
"01.03.2021","1.366,80","1.350,00","1.374,40","1.328,60","1,24M","1,73%"
"26.02.2021","1.343,60","1.330,00","1.368,20","1.325,80","2,51M","0,19%"
"25.02.2021","1.341,00","1.306,00","1.363,40","1.305,80","2,35M","2,81%"
"24.02.2021","1.304,40","1.324,40","1.330,00","1.292,40","1,29M","-2,26%"
"22.02.2021","1.334,60","1.320,00","1.345,60","1.303,80","1,56M","1,74%"
"20.02.2021","1.311,80","1.312,00","1.320,00","1.299,00","234,89K","0,26%"
"19.02.2021","1.308,40","1.280,60","1.319,40","1.271,00","984,72K","2,15%"
"18.02.2021","1.280,80","1.291,00","1.294,60","1.275,00","961,94K","-0,94%"
"17.02.2021","1.293,00","1.301,00","1.305,00","1.286,00","945,93K","-0,61%"
"16.02.2021","1.301,00","1.289,80","1.303,00","1.280,40","940,53K","1,03%"
"15.02.2021","1.287,80","1.290,00","1.299,20","1.277,00","880,35K","0,05%"
"12.02.2021","1.287,20","1.275,60","1.289,80","1.247,60","982,82K","0,78%"
"11.02.2021","1.277,20","1.281,00","1.284,80","1.273,40","527,06K","-0,45%"
"10.02.2021","1.283,00","1.285,00","1.295,60","1.275,00","823,48K","-0,36%"
"09.02.2021","1.287,60","1.302,80","1.304,00","1.281,60","785,97K","-0,68%"
"08.02.2021","1.296,40","1.288,00","1.306,40","1.285,00","1,30M","0,73%"
"05.02.2021","1.287,00","1.306,80","1.308,00","1.277,00","1,16M","-0,97%"
"04.02.2021","1.299,60","1.287,40","1.313,00","1.283,60","1,79M","1,21%"
"03.02.2021","1.284,00","1.293,20","1.298,60","1.272,80","822,35K","-0,23%"
"02.02.2021","1.287,00","1.287,80","1.299,40","1.280,20","1,07M","0,67%"
"01.02.2021","1.278,40","1.271,60","1.285,00","1.263,80","1,25M","1,24%"
"29.01.2021","1.262,80","1.275,00","1.281,80","1.252,60","1,90M","-1,31%"
"28.01.2021","1.279,60","1.275,00","1.288,80","1.263,20","1,43M","-0,08%"
"27.01.2021","1.280,60","1.326,00","1.333,40","1.273,20","2,02M","-2,70%"
"26.01.2021","1.316,20","1.309,20","1.327,20","1.295,00","929,47K","0,24%"
"25.01.2021","1.313,00","1.328,00","1.337,00","1.290,80","1,66M","-0,56%"
"22.01.2021","1.320,40","1.336,00","1.341,80","1.304,00","1,55M","-1,79%"
"21.01.2021","1.344,40","1.345,00","1.354,00","1.323,60","1,32M","0,33%"
"20.01.2021","1.340,00","1.340,60","1.352,60","1.333,00","1,05M","-0,03%"
"19.01.2021","1.340,40","1.363,00","1.365,20","1.335,20","1,00M","-0,55%"
"18.01.2021","1.347,80","1.352,00","1.361,40","1.313,00","1,70M","0,22%"
"15.01.2021","1.344,80","1.366,00","1.394,40","1.340,40","1,74M","-1,67%"
"14.01.2021","1.367,60","1.306,00","1.382,80","1.286,60","2,84M","3,95%"
"13.01.2021","1.315,60","1.332,00","1.343,80","1.303,00","1,47M","-1,29%"
"12.01.2021","1.332,80","1.346,00","1.361,60","1.318,00","1,34M","-1,36%"
"11.01.2021","1.351,20","1.372,00","1.384,60","1.324,40","1,42M","-1,31%"
"08.01.2021","1.369,20","1.333,00","1.384,80","1.332,80","1,69M","3,23%"
"06.01.2021","1.326,40","1.334,00","1.340,60","1.317,80","840,83K","-0,58%"
"05.01.2021","1.334,20","1.338,00","1.344,60","1.298,60","2,04M","-0,67%"
"04.01.2021","1.343,20","1.324,00","1.364,00","1.324,00","999,39K","1,51%"
"30.12.2020","1.323,20","1.335,20","1.349,40","1.312,20","1,39M","-1,09%"
"29.12.2020","1.337,80","1.375,20","1.392,60","1.310,20","2,33M","-2,66%"
"28.12.2020","1.374,40","1.356,20","1.378,20","1.345,60","1,33M","0,81%"
"25.12.2020","1.363,40","1.329,20","1.378,60","1.324,60","1,33M","3,19%"
"24.12.2020","1.321,20","1.295,60","1.327,40","1.289,40","891,47K","1,79%"
"23.12.2020","1.298,00","1.292,00","1.302,40","1.280,00","857,77K","0,92%"
"22.12.2020","1.286,20","1.247,80","1.295,60","1.244,00","1,30M","2,73%"
"21.12.2020","1.252,00","1.254,00","1.278,00","1.218,60","1,90M","-0,92%"
"18.12.2020","1.263,60","1.244,00","1.278,40","1.217,40","1,86M","1,01%"
"17.12.2020","1.251,00","1.279,80","1.279,80","1.241,80","1,57M","-1,42%"
"16.12.2020","1.269,00","1.264,20","1.283,00","1.244,20","1,42M","0,16%"
"15.12.2020","1.267,00","1.269,00","1.289,60","1.251,40","1,46M","-0,13%"
"14.12.2020","1.268,60","1.235,00","1.294,00","1.203,40","4,11M","3,59%"
"11.12.2020","1.224,60","1.201,60","1.239,20","1.200,20","1,69M","1,71%"
"10.12.2020","1.204,00","1.172,20","1.209,00","1.172,20","1,56M","2,89%"
"09.12.2020","1.170,20","1.167,80","1.185,80","1.165,00","1,32M","0,38%"
"08.12.2020","1.165,80","1.162,00","1.210,00","1.147,80","3,03M","0,24%"
"07.12.2020","1.163,00","1.150,20","1.184,00","1.148,80","3,21M","-2,17%"
"04.12.2020","1.188,80","1.156,80","1.190,40","1.151,80","2,29M","3,68%"
"03.12.2020","1.146,60","1.164,80","1.164,80","1.135,20","1,49M","-1,10%"
"02.12.2020","1.159,40","1.145,00","1.170,20","1.142,00","1,69M","1,35%"
"01.12.2020","1.144,00","1.136,20","1.146,80","1.128,80","974,90K","1,08%"
"30.11.2020","1.131,80","1.145,00","1.149,00","1.119,60","2,25M","-1,34%"
"27.11.2020","1.147,20","1.149,00","1.154,80","1.132,80","1,05M","0,00%"
"26.11.2020","1.147,20","1.125,00","1.149,20","1.123,60","1,19M","1,70%"
"25.11.2020","1.128,00","1.140,00","1.143,00","1.121,00","1,33M","-0,97%"
"24.11.2020","1.139,00","1.117,40","1.144,80","1.115,40","1,24M","2,15%"
"23.11.2020","1.115,00","1.107,20","1.122,80","1.107,20","840,55K","0,70%"
"20.11.2020","1.107,20","1.096,40","1.108,00","1.096,20","417,25K","0,16%"
"19.11.2020","1.105,40","1.114,00","1.121,40","1.095,40","802,33K","-1,11%"
"18.11.2020","1.117,80","1.118,00","1.124,00","1.107,40","888,52K","0,14%"
"17.11.2020","1.116,20","1.132,60","1.134,00","1.106,00","1,22M","-1,40%"
"16.11.2020","1.132,00","1.114,80","1.134,80","1.111,40","1,31M","2,07%"
"13.11.2020","1.109,00","1.091,60","1.110,00","1.085,00","971,94K","1,61%"
"12.11.2020","1.091,40","1.095,60","1.104,80","1.082,60","1,21M","-0,46%"
"11.11.2020","1.096,40","1.095,00","1.102,60","1.087,60","1,03M","0,29%"
"10.11.2020","1.093,20","1.097,60","1.099,00","1.081,60","1,25M","-0,44%"
"09.11.2020","1.098,00","1.100,00","1.106,80","1.083,00","1,59M","0,66%"
"06.11.2020","1.090,80","1.074,00","1.095,60","1.065,40","1,30M","0,91%"
"05.11.2020","1.081,00","1.119,40","1.124,80","1.066,80","2,48M","-2,37%"
"03.11.2020","1.107,20","1.100,00","1.113,80","1.087,40","930,61K","1,30%"
"02.11.2020","1.093,00","1.085,00","1.099,80","1.067,00","925,50K","0,74%"
"30.10.2020","1.085,00","1.051,20","1.092,20","1.038,00","1,49M","2,75%"
"29.10.2020","1.056,00","1.042,00","1.060,80","1.039,00","896,97K","1,52%"
"28.10.2020","1.040,20","1.058,20","1.061,00","1.035,00","1,45M","-2,13%"
"27.10.2020","1.062,80","1.064,00","1.081,00","1.059,60","1,35M","-0,02%"
"26.10.2020","1.063,00","1.064,00","1.071,60","1.042,00","767,48K","-0,37%"
"23.10.2020","1.067,00","1.061,40","1.070,00","1.052,20","1,06M","0,49%"
"22.10.2020","1.061,80","1.015,40","1.062,60","1.014,80","2,21M","5,21%"
"21.10.2020","1.009,20","1.007,80","1.017,60","1.002,00","659,38K","0,34%"
"20.10.2020","1.005,80","988,60","1.008,80","988,00","655,97K","1,80%"
"19.10.2020","988,00","999,80","1.000,80","982,00","459,36K","-0,72%"
"16.10.2020","995,20","1.001,80","1.006,80","992,60","609,25K","-0,66%"
"15.10.2020","1.001,80","1.006,80","1.006,80","997,00","551,67K","-0,32%"
"14.10.2020","1.005,00","984,40","1.007,60","984,40","677,64K","1,21%"
"13.10.2020","993,00","1.008,40","1.016,20","989,20","732,30K","-1,68%"
"12.10.2020","1.010,00","1.004,60","1.012,00","998,20","573,28K","1,04%"
"09.10.2020","999,60","1.004,20","1.007,00","995,40","458,06K","-0,06%"
"08.10.2020","1.000,20","993,00","1.007,80","993,00","705,28K","0,54%"
"07.10.2020","994,80","996,00","1.003,60","990,20","784,59K","-0,40%"
"06.10.2020","998,80","1.008,60","1.008,60","992,40","743,74K","-0,66%"
"05.10.2020","1.005,40","1.004,40","1.012,00","997,60","867,39K","0,38%"
"02.10.2020","1.001,60","994,00","1.005,60","988,00","516,44K","0,50%"
"01.10.2020","996,60","998,00","1.003,40","986,80","581,41K","0,46%"
"30.09.2020","992,00","1.010,00","1.010,60","988,40","852,71K","-1,59%"
"29.09.2020","1.008,00","984,00","1.013,80","981,20","1,69M","2,54%"
"28.09.2020","983,00","985,80","995,20","975,60","883,20K","-0,16%"
"25.09.2020","984,60","973,40","987,00","967,80","701,35K","0,98%"
"24.09.2020","975,00","974,80","979,00","962,20","800,94K","0,72%"
"23.09.2020","968,00","976,80","983,60","967,20","1,26M","-0,84%"
"22.09.2020","976,20","967,40","981,60","966,60","879,99K","0,41%"
"21.09.2020","972,20","979,00","979,00","960,00","950,03K","-0,39%"
"18.09.2020","976,00","992,00","992,00","973,40","1,06M","-1,39%"
"17.09.2020","989,80","983,80","994,60","980,80","784,89K","0,26%"
"16.09.2020","987,20","996,80","998,20","977,00","1,29M","-0,98%"
"15.09.2020","997,00","990,00","998,00","986,00","1,32M","0,97%"
"14.09.2020","987,40","974,20","990,40","971,00","1,16M","2,00%"
"11.09.2020","968,00","970,80","973,00","964,20","1,03M","0,21%"
"10.09.2020","966,00","947,80","975,20","939,80","2,04M","2,37%"
"09.09.2020","943,60","928,00","947,40","927,00","1,61M","1,62%"
"08.09.2020","928,60","930,00","936,80","926,00","1,36M","-0,11%"
"07.09.2020","929,60","931,00","933,00","925,60","924,28K","-1,88%"
"04.09.2020","947,40","942,40","949,20","932,40","1,25M","0,40%"
"03.09.2020","943,60","951,00","957,00","942,00","1,13M","-0,78%"
"02.09.2020","951,00","948,40","959,40","941,00","1,35M","0,49%"
"01.09.2020","946,40","934,60","947,60","919,60","1,33M","1,65%"
"31.08.2020","931,00","945,00","952,20","929,20","1,37M","-1,34%"
"28.08.2020","943,60","954,40","954,40","941,00","550,44K","-0,90%"
"27.08.2020","952,20","963,00","964,80","948,60","789,47K","-1,06%"
"26.08.2020","962,40","963,00","965,00","956,20","638,08K","-0,04%"
"25.08.2020","962,80","966,40","968,80","955,80","722,66K","0,02%"
"24.08.2020","962,60","964,40","969,00","961,20","524,03K","0,25%"
"21.08.2020","960,20","959,00","963,80","946,60","764,91K","0,25%"
"20.08.2020","957,80","965,40","968,40","951,80","827,75K","-0,85%"
"19.08.2020","966,00","963,00","974,00","956,60","745,40K","0,54%"
"18.08.2020","960,80","965,00","971,00","959,40","936,33K","-0,78%"
"17.08.2020","968,40","969,80","974,00","957,20","795,84K","0,29%"
"14.08.2020","965,60","972,80","974,00","956,20","795,99K","-0,45%"
"13.08.2020","970,00","973,80","976,60","962,80","1,11M","-0,37%"
"12.08.2020","973,60","941,80","978,00","941,80","1,70M","3,09%"
"11.08.2020","944,40","934,00","952,00","933,20","1,73M","1,20%"
"10.08.2020","933,20","925,80","934,00","925,20","629,90K","0,91%"
"07.08.2020","924,80","938,20","940,00","912,40","1,19M","-1,60%"
"06.08.2020","939,80","941,00","946,00","933,60","706,72K","-0,09%"
"05.08.2020","940,60","935,00","942,00","929,40","1,15M","0,64%"
"04.08.2020","934,60","920,00","935,00","918,00","1,19M","1,94%"
"03.08.2020","916,80","912,60","920,00","910,00","672,61K","0,46%"
"31.07.2020","912,60","912,00","920,00","904,00","990,90K","0,46%"
"30.07.2020","908,40","925,40","925,60","896,00","1,28M","-1,84%"
"29.07.2020","925,40","920,00","928,60","915,60","871,55K","0,67%"
"28.07.2020","919,20","912,60","925,20","911,60","1,17M","1,06%"
"27.07.2020","909,60","894,80","912,60","893,80","897,87K","1,72%"
"24.07.2020","894,20","889,80","897,00","885,20","612,62K","0,52%"
"23.07.2020","889,60","899,60","901,60","889,00","902,84K","-0,78%"
"22.07.2020","896,60","895,00","899,60","886,60","886,69K","0,27%"
"21.07.2020","894,20","890,60","902,40","890,40","1,08M","0,74%"
"20.07.2020","887,60","878,40","887,60","874,00","750,44K","1,07%"
"17.07.2020","878,20","880,00","884,00","875,40","427,08K","-0,18%"
"16.07.2020","879,80","877,80","884,60","874,00","646,19K","-0,45%"
"15.07.2020","883,80","880,00","891,00","875,40","839,69K","0,89%"
"14.07.2020","876,00","875,00","879,20","862,40","896,83K","0,37%"
"13.07.2020","872,80","882,80","889,00","870,60","572,65K","-0,84%"
"10.07.2020","880,20","866,80","882,40","866,80","621,31K","0,46%"
"09.07.2020","876,20","894,00","896,80","867,80","1,01M","-1,99%"
"08.07.2020","894,00","890,00","897,40","886,00","501,24K","0,20%"
"07.07.2020","892,20","902,40","903,60","881,40","869,80K","-0,98%"
"06.07.2020","901,00","892,00","906,00","890,20","1,60M","1,90%"
"03.07.2020","884,20","868,20","887,80","866,00","896,41K","1,75%"
"02.07.2020","869,00","867,20","874,80","863,60","655,64K","0,58%"
"30.06.2020","864,00","855,40","870,80","852,60","1,29M","1,08%"
"29.06.2020","854,80","850,00","855,00","841,00","872,22K","0,38%"
"26.06.2020","851,60","863,40","864,80","847,20","1,32M","-1,14%"
"25.06.2020","861,40","865,20","867,40","856,40","1,23M","-1,22%"
"23.06.2020","872,00","870,40","878,00","868,00","753,46K","0,16%"
"22.06.2020","870,60","873,20","874,00","862,20","1,16M","-0,18%"
"19.06.2020","872,20","879,80","882,60","871,60","1,81M","-0,25%"
"18.06.2020","874,40","883,80","884,80","869,20","1,39M","-1,04%"
"17.06.2020","883,60","884,20","889,20","876,60","1,30M","0,41%"
"16.06.2020","880,00","884,40","897,00","880,00","1,50M","0,09%"
"15.06.2020","879,20","885,00","892,40","876,40","2,13M","-6,37%"
"11.06.2020","939,00","945,00","950,00","936,20","2,37M","-1,20%"
"10.06.2020","950,40","950,00","952,80","942,60","1,21M","0,25%"
"09.06.2020","948,00","946,60","954,00","938,00","1,29M","0,42%"
"08.06.2020","944,00","952,40","956,60","944,00","1,14M","-0,53%"
"05.06.2020","949,00","945,60","951,80","942,40","697,05K","0,89%"
"04.06.2020","940,60","950,00","953,20","934,40","1,16M","-1,47%"
"03.06.2020","954,60","950,60","954,60","941,60","1,46M","1,02%"
"02.06.2020","945,00","938,40","948,00","937,40","991,60K","0,64%"
"01.06.2020","939,00","940,60","946,20","928,00","968,63K","0,47%"
"29.05.2020","934,60","936,20","940,00","922,40","1,98M","-0,57%"
"28.05.2020","940,00","922,00","940,00","915,40","1,34M","2,24%"
"27.05.2020","919,40","911,80","923,00","906,40","1,24M","1,59%"
"26.05.2020","905,00","909,20","923,00","905,00","2,00M","-0,33%"
"25.05.2020","908,00","874,00","909,00","873,00","1,51M","4,13%"
"22.05.2020","872,00","857,20","875,00","854,20","1,18M","0,97%"
"21.05.2020","863,60","884,40","895,80","862,00","1,40M","-2,35%"
"20.05.2020","884,40","862,00","885,20","855,00","1,12M","2,55%"
"19.05.2020","862,40","861,40","868,40","855,00","1,00M","0,16%"
"18.05.2020","861,00","831,40","861,00","831,40","1,13M","4,46%"
"15.05.2020","824,20","828,40","842,60","824,20","1,16M","0,10%"
"14.05.2020","823,40","837,80","841,00","818,40","1,57M","-1,74%"
"13.05.2020","838,00","852,00","853,60","838,00","992,74K","-1,80%"
"12.05.2020","853,40","862,40","867,60","853,40","1,38M","-2,07%"
"08.05.2020","871,40","873,00","873,80","866,60","519,53K","0,25%"
"07.05.2020","869,20","874,60","881,60","869,20","1,11M","-0,16%"
"06.05.2020","870,60","877,00","883,40","870,00","819,54K","-0,30%"
"05.05.2020","873,20","876,40","880,80","870,40","542,25K","0,25%"
"04.05.2020","871,00","881,00","881,20","866,00","881,38K","-2,09%"
"30.04.2020","889,60","879,80","892,40","870,40","1,43M","1,60%"
"29.04.2020","875,60","875,60","890,80","870,60","1,20M","0,64%"
"28.04.2020","870,00","871,80","886,00","864,20","1,26M","0,12%"
"27.04.2020","869,00","866,80","874,80","863,20","897,34K","0,77%"
"24.04.2020","862,40","869,40","870,80","861,00","1,00M","-0,87%"
"23.04.2020","870,00","874,00","874,60","860,00","996,43K","0,16%"
"22.04.2020","868,60","865,80","879,00","861,20","1,46M","0,30%"
"21.04.2020","866,00","871,00","871,80","850,40","1,41M","-0,94%"
"20.04.2020","874,20","862,20","880,80","858,60","996,90K","1,11%"
"17.04.2020","864,60","869,40","877,20","862,20","605,61K","0,84%"
"16.04.2020","857,40","862,60","882,20","854,00","1,39M","-0,44%"
"15.04.2020","861,20","894,00","896,00","853,40","1,30M","-4,20%"
"14.04.2020","899,00","890,00","901,40","887,80","954,62K","1,90%"
"13.04.2020","882,20","899,00","900,60","881,40","512,52K","-1,98%"
"10.04.2020","900,00","903,60","903,60","892,80","309,05K","-0,55%"
"09.04.2020","905,00","900,00","905,00","885,20","1,32M","0,65%"
"08.04.2020","899,20","884,00","899,20","878,00","814,79K","1,26%"
"07.04.2020","888,00","900,00","904,00","882,40","1,65M","-0,54%"
"06.04.2020","892,80","887,00","898,00","876,60","1,05M","1,22%"
"03.04.2020","882,00","859,20","885,00","856,60","2,01M","2,61%"
"02.04.2020","859,60","855,00","872,00","838,00","1,17M","1,32%"
"01.04.2020","848,40","851,40","863,20","845,00","1,20M","-2,10%"
"31.03.2020","866,60","848,40","873,00","837,40","2,18M","2,73%"
"30.03.2020","843,60","813,80","843,60","807,20","1,01M","2,20%"
"27.03.2020","825,40","841,00","847,60","819,00","1,02M","-2,76%"
"26.03.2020","848,80","850,00","853,00","819,20","1,33M","-0,54%"
"25.03.2020","853,40","851,00","892,00","828,00","2,30M","1,14%"
"24.03.2020","843,80","813,80","849,80","809,40","1,88M","6,33%"
"23.03.2020","793,60","790,00","818,00","780,00","1,43M","-2,34%"
"20.03.2020","812,60","824,80","845,80","800,40","2,20M","0,07%"
"19.03.2020","812,00","780,00","820,00","762,00","2,20M","4,10%"
"18.03.2020","780,00","777,20","805,00","775,80","1,91M","-2,55%"
"17.03.2020","800,40","812,20","830,60","777,00","1,92M","-2,25%"
"16.03.2020","818,80","820,40","827,20","770,00","2,19M","1,14%"
"13.03.2020","809,60","775,00","825,00","773,00","3,04M","4,22%"
"12.03.2020","776,80","800,00","805,00","771,60","3,27M","-5,73%"
"11.03.2020","824,00","845,00","848,80","814,40","2,48M","-0,60%"
"10.03.2020","829,00","772,00","856,60","770,00","4,37M","2,52%"
"06.03.2020","808,60","820,00","826,20","792,60","2,15M","-2,58%"
"05.03.2020","830,00","838,00","839,80","823,40","1,71M","0,36%"
"04.03.2020","827,00","818,80","834,60","812,00","1,27M","0,80%"
"03.03.2020","820,40","830,60","834,80","817,40","1,96M","1,21%"
"02.03.2020","810,60","832,60","846,80","799,40","2,45M","-0,49%"
"28.02.2020","814,60","845,60","855,60","807,40","3,89M","-5,87%"
"27.02.2020","865,40","883,00","892,00","865,40","2,32M","-2,37%"
"26.02.2020","886,40","889,00","896,80","881,00","1,85M","-0,40%"
"25.02.2020","890,00","899,20","909,60","890,00","1,68M","-1,98%"
"21.02.2020","908,00","912,00","915,00","908,00","1,18M","-0,85%"
"20.02.2020","915,80","914,60","927,60","911,40","1,26M","0,20%"
"19.02.2020","914,00","917,40","920,40","908,40","1,10M","-0,07%"
"18.02.2020","914,60","922,40","924,40","913,20","835,02K","-1,08%"
"17.02.2020","924,60","930,20","933,60","922,20","514,46K","-0,37%"
"14.02.2020","928,00","929,80","933,20","921,40","508,96K","0,22%"
"13.02.2020","926,00","935,00","936,00","926,00","623,63K","-1,28%"
"12.02.2020","938,00","926,00","943,00","920,20","1,34M","1,58%"
"11.02.2020","923,40","926,60","932,40","923,00","956,25K","0,15%"
"10.02.2020","922,00","934,20","937,00","919,20","850,35K","-1,43%"
"07.02.2020","935,40","925,20","935,40","920,00","913,19K","1,12%"
"06.02.2020","925,00","927,00","934,60","918,20","1,02M","0,17%"
"05.02.2020","923,40","916,00","934,60","912,00","1,17M","1,21%"
"04.02.2020","912,40","908,20","924,80","908,00","1,38M","0,91%"
"03.02.2020","904,20","909,80","918,20","904,20","1,99M","-0,79%"
"31.01.2020","911,40","940,20","941,20","911,40","1,81M","-2,11%"
"30.01.2020","931,00","935,80","942,40","928,40","727,44K","-1,08%"
"29.01.2020","941,20","945,60","947,60","933,60","629,79K","0,28%"
"28.01.2020","938,60","934,00","942,60","923,60","729,69K","0,92%"
"27.01.2020","930,00","946,60","953,00","925,40","1,30M","-2,74%"
"24.01.2020","956,20","964,40","973,00","955,80","534,85K","-0,60%"
"23.01.2020","962,00","954,00","968,40","946,00","987,73K","0,29%"
"22.01.2020","959,20","978,60","986,20","956,40","1,20M","-1,98%"
"21.01.2020","978,60","990,00","990,00","971,40","1,11M","-1,21%"
"20.01.2020","990,60","980,00","1.000,00","960,00","1,25M","1,37%"
"17.01.2020","977,20","964,80","978,00","961,00","1,18M","1,43%"
"16.01.2020","963,40","962,00","971,00","960,20","771,92K","0,33%"
"15.01.2020","960,20","967,00","967,60","950,00","1,42M","-0,79%"
"14.01.2020","967,80","960,20","976,20","959,20","1,74M","0,79%"
"13.01.2020","960,20","942,00","960,20","936,00","1,33M","2,43%"
"10.01.2020","937,40","932,00","937,40","928,40","461,42K","0,99%"
"09.01.2020","928,20","926,00","937,00","926,00","1,03M","0,11%"
"08.01.2020","927,20","924,20","931,60","918,00","677,14K","-0,19%"
"06.01.2020","929,00","945,00","945,60","923,20","737,79K","-1,78%"
"03.01.2020","945,80","943,40","947,40","938,40","572,09K","0,87%"